0.20 0.26 0.79
0.20 0.22 0.72
0.17 0.16 0.59
0.23 0.21 0.76
0.26 0.22 0.83
0.27 0.24 0.90
0.23 0.20 0.76
0.26 0.24 0.86
0.23 0.21 0.76
0.25 0.21 0.79
0.24 0.23 0.83
0.26 0.22 0.83
0.24 0.23 0.83
0.23 0.21 0.76
0.26 0.24 0.86
0.22 0.22 0.76
0.21 0.20 0.69
0.22 0.19 0.72
0.18 0.17 0.62
0.23 0.19 0.72
0.22 0.21 0.76
0.23 0.24 0.79
0.23 0.20 0.76
0.20 0.18 0.66
0.23 0.22 0.76
0.17 0.15 0.55
0.23 0.22 0.79
0.22 0.18 0.69
0.19 0.18 0.62
0.27 0.23 0.86
0.19 0.17 0.62
0.23 0.24 0.79
0.26 0.24 0.86
0.25 0.22 0.83
0.25 0.24 0.83
0.22 0.19 0.69
0.18 0.16 0.59
0.23 0.22 0.79
0.21 0.22 0.72
0.24 0.22 0.79
0.22 0.21 0.72
0.23 0.21 0.76
0.18 0.17 0.62
0.19 0.17 0.62
0.20 0.15 0.62
0.18 0.14 0.55
0.19 0.15 0.59
0.16 0.16 0.55
0.16 0.14 0.52
0.17 0.17 0.59
0.16 0.14 0.52
0.16 0.15 0.52
0.21 0.17 0.66
0.17 0.17 0.59
0.15 0.14 0.52
0.18 0.16 0.59
0.19 0.15 0.59
0.24 0.21 0.79
0.14 0.15 0.48
0.19 0.16 0.62
0.14 0.13 0.45
0.24 0.20 0.76
0.17 0.18 0.62
0.26 0.23 0.83
0.24 0.19 0.76
0.27 0.23 0.86
0.25 0.22 0.79
0.26 0.21 0.83
0.24 0.21 0.79
0.23 0.21 0.76
0.21 0.18 0.69
0.16 0.14 0.52
0.16 0.16 0.55
0.20 0.18 0.66
0.24 0.21 0.79
0.25 0.20 0.79
0.25 0.23 0.83
0.27 0.23 0.86
0.25 0.20 0.79
0.23 0.19 0.72
0.27 0.23 0.86
0.27 0.24 0.90
0.16 0.14 0.52
0.26 0.21 0.83
0.26 0.22 0.83
0.26 0.22 0.83
0.25 0.24 0.83
0.23 0.19 0.72
0.17 0.14 0.55
0.16 0.16 0.55
0.17 0.18 0.59
0.23 0.22 0.79
0.25 0.24 0.86
0.13 0.14 0.48
0.25 0.24 0.86
0.24 0.24 0.83
0.25 0.21 0.79
0.26 0.24 0.86
0.24 0.24 0.83
0.27 0.22 0.83
0.26 0.24 0.86
0.26 0.23 0.86
0.26 0.22 0.83
0.16 0.16 0.55
0.27 0.24 0.86
0.26 0.23 0.83
0.27 0.25 0.90
0.25 0.23 0.83
0.24 0.22 0.79
0.25 0.23 0.83
0.25 0.19 0.76
0.23 0.22 0.79
0.22 0.19 0.69
0.21 0.20 0.72
0.18 0.17 0.62
0.20 0.18 0.66
0.23 0.20 0.76
0.16 0.15 0.55
0.21 0.17 0.66
0.18 0.15 0.55
0.19 0.17 0.62
0.20 0.16 0.62
0.20 0.16 0.62
0.20 0.15 0.59
0.22 0.18 0.69
0.16 0.16 0.55
0.19 0.16 0.62
0.23 0.22 0.79
0.19 0.17 0.62
0.27 0.23 0.86
0.24 0.19 0.76
0.23 0.22 0.79
0.20 0.21 0.72
0.22 0.19 0.69
0.22 0.20 0.72
0.27 0.25 0.90
0.22 0.21 0.72
0.26 0.24 0.86
0.24 0.24 0.83
0.23 0.20 0.72
0.26 0.22 0.83
0.28 0.24 0.90
0.26 0.24 0.86
0.27 0.23 0.86
0.25 0.23 0.83
0.23 0.22 0.79
0.23 0.22 0.79
0.21 0.23 0.76
0.19 0.24 0.76
0.10 0.13 0.38
0.23 0.24 0.83
0.20 0.22 0.72
0.21 0.23 0.76
0.23 0.25 0.83
0.13 0.16 0.52
0.17 0.20 0.62
0.18 0.21 0.66
0.20 0.23 0.76
0.12 0.13 0.45
0.07 0.10 0.28
0.18 0.20 0.66
0.19 0.21 0.69
0.20 0.22 0.72
0.23 0.25 0.83
0.23 0.23 0.79
0.07 0.08 0.28
0.25 0.21 0.79
0.20 0.20 0.69
0.09 0.12 0.38
0.22 0.25 0.79
0.25 0.27 0.90
0.09 0.12 0.38
0.24 0.25 0.86
0.25 0.25 0.86
0.09 0.10 0.34
0.22 0.24 0.79
0.23 0.25 0.83
0.23 0.24 0.79
0.06 0.08 0.24
0.09 0.12 0.38
0.14 0.15 0.52
0.19 0.22 0.69
0.21 0.21 0.72
0.25 0.27 0.90
0.07 0.09 0.28
0.10 0.10 0.34
0.09 0.11 0.34
0.22 0.22 0.76
0.26 0.26 0.90
0.26 0.25 0.86
0.24 0.25 0.83
0.23 0.24 0.79
0.09 0.09 0.31
0.12 0.13 0.45
0.22 0.23 0.76
0.14 0.18 0.55
0.21 0.25 0.79
0.16 0.18 0.59
0.19 0.20 0.69
0.19 0.20 0.66
0.18 0.19 0.66
0.20 0.21 0.69
0.18 0.19 0.62
0.24 0.26 0.86
0.11 0.12 0.41
0.09 0.10 0.34
0.19 0.20 0.69
0.21 0.22 0.72
0.21 0.22 0.76
0.19 0.22 0.69
0.22 0.23 0.76
0.21 0.24 0.79
0.20 0.24 0.76
0.05 0.10 0.24
0.23 0.25 0.83
0.07 0.10 0.31
0.11 0.13 0.41
0.10 0.12 0.38
0.11 0.13 0.41
0.10 0.11 0.38
0.14 0.15 0.52
0.15 0.17 0.55
0.22 0.25 0.83
0.23 0.26 0.86
0.12 0.13 0.45
0.22 0.24 0.79
0.24 0.24 0.83
0.25 0.25 0.86
0.25 0.26 0.86
0.24 0.26 0.86
0.22 0.23 0.76
0.21 0.22 0.76
0.19 0.20 0.69
0.25 0.26 0.90
0.25 0.27 0.90
0.24 0.27 0.86
0.19 0.20 0.66
0.10 0.09 0.31
0.09 0.11 0.34
0.09 0.12 0.34
0.20 0.20 0.69
0.23 0.23 0.79
0.22 0.24 0.79
0.25 0.25 0.86
0.25 0.26 0.90
0.25 0.24 0.86
0.23 0.24 0.83
0.23 0.22 0.79
0.22 0.23 0.79
0.17 0.17 0.59
0.20 0.22 0.72
0.20 0.21 0.72
0.21 0.22 0.76
0.22 0.24 0.79
0.21 0.21 0.72
0.19 0.20 0.69
0.23 0.22 0.76
0.24 0.24 0.83
0.25 0.25 0.86
0.26 0.23 0.86
0.12 0.13 0.45
0.12 0.13 0.41
0.15 0.16 0.52
0.10 0.12 0.38
0.15 0.17 0.55
0.23 0.21 0.76
0.23 0.19 0.72
0.25 0.19 0.76
0.26 0.25 0.90
0.24 0.21 0.79
0.24 0.22 0.79
0.21 0.20 0.72
0.23 0.25 0.83
0.18 0.19 0.62
0.20 0.17 0.62
0.15 0.17 0.55
0.24 0.25 0.83
0.24 0.21 0.76
0.24 0.22 0.79
0.22 0.22 0.76
0.22 0.21 0.76
0.22 0.17 0.69
0.21 0.22 0.72
0.30 0.21 0.86
0.21 0.16 0.62
0.23 0.21 0.76
0.25 0.21 0.79
0.24 0.22 0.79
0.23 0.22 0.79
0.23 0.21 0.76
0.18 0.18 0.62
0.16 0.15 0.52
0.20 0.20 0.69
0.22 0.23 0.79
0.22 0.22 0.76
0.22 0.23 0.76
0.26 0.24 0.86
0.19 0.15 0.59
0.18 0.17 0.59
0.18 0.17 0.62
0.22 0.22 0.76
0.23 0.24 0.83
0.21 0.23 0.76
0.23 0.24 0.79
0.09 0.11 0.34
0.14 0.16 0.52
0.24 0.22 0.79
0.16 0.16 0.55
0.12 0.15 0.48
0.11 0.14 0.45
0.11 0.11 0.38
0.10 0.11 0.34
0.15 0.16 0.55
0.14 0.16 0.52
0.18 0.17 0.59
0.23 0.23 0.79
0.19 0.18 0.62
0.21 0.19 0.69
0.27 0.24 0.90
0.15 0.13 0.48
0.17 0.15 0.55
0.25 0.22 0.79
0.15 0.11 0.45
0.16 0.14 0.52
0.22 0.22 0.76
0.19 0.18 0.62
0.17 0.16 0.59
0.19 0.20 0.69
0.24 0.24 0.83
0.21 0.19 0.69
0.24 0.23 0.83
0.18 0.17 0.62
0.24 0.23 0.79
0.26 0.24 0.86
0.21 0.23 0.76
0.24 0.25 0.86
0.18 0.19 0.66
0.25 0.26 0.86
0.20 0.19 0.69
0.22 0.21 0.72
0.26 0.27 0.90
0.18 0.19 0.66
0.20 0.20 0.69
0.21 0.22 0.72
0.26 0.25 0.86
0.25 0.24 0.83
0.26 0.26 0.90
0.26 0.23 0.86
0.23 0.26 0.86
0.21 0.24 0.79
0.15 0.16 0.55
0.20 0.20 0.69
0.17 0.17 0.59
0.18 0.18 0.62
0.21 0.21 0.72
0.19 0.19 0.66
0.20 0.20 0.69
0.20 0.20 0.69
0.24 0.25 0.83
0.22 0.21 0.76
0.16 0.15 0.52
0.16 0.15 0.55
0.26 0.26 0.90
0.25 0.25 0.86
0.22 0.23 0.79
0.17 0.19 0.62
0.16 0.17 0.59
0.22 0.22 0.76
0.16 0.16 0.55
0.22 0.22 0.76
0.21 0.22 0.72
0.21 0.21 0.72
0.18 0.18 0.62
0.12 0.13 0.45
0.21 0.20 0.72
0.17 0.18 0.62
0.19 0.19 0.66
0.17 0.16 0.55
0.15 0.15 0.52
0.21 0.20 0.69
0.22 0.21 0.76
0.16 0.16 0.55
0.19 0.19 0.66
0.16 0.17 0.59
0.21 0.21 0.72
0.18 0.19 0.66
0.17 0.17 0.59
0.20 0.21 0.72
0.16 0.16 0.55
0.23 0.24 0.79
0.14 0.14 0.48
0.21 0.21 0.72
0.24 0.24 0.83
0.18 0.19 0.66
0.24 0.24 0.83
0.15 0.14 0.48
0.18 0.17 0.59
0.21 0.21 0.72
0.21 0.22 0.76
0.12 0.12 0.41
0.22 0.21 0.72
0.18 0.19 0.66
0.21 0.19 0.69
0.22 0.21 0.72
0.22 0.23 0.79
0.23 0.25 0.83
0.11 0.11 0.38
0.19 0.19 0.66
0.22 0.23 0.76
0.12 0.11 0.38
0.18 0.19 0.66
0.18 0.18 0.62
0.11 0.12 0.41
0.21 0.19 0.69
0.11 0.11 0.38
0.23 0.25 0.83
0.12 0.12 0.41
0.15 0.14 0.52
0.13 0.13 0.45
0.22 0.22 0.76
0.15 0.16 0.55
0.24 0.25 0.83
0.15 0.14 0.52
0.23 0.23 0.79
0.26 0.26 0.90
0.15 0.15 0.52
0.24 0.23 0.79
0.21 0.20 0.69
0.26 0.25 0.90
0.26 0.25 0.90
